2767 1023 0033 2345 2959 2054
2054 2767 1023 0033 2345 2959
2959 2054 2767 1023 0033 2345
2345 2959 2054 2767 1023 0033
0033 2345 2959 2054 2767 1023
1023 0033 2345 2959 2054 2767
2767 1023 0033 2345 2959 2054
2054 2767 1023 0033 2345 2959
2959 2054 2767 1023 0033 2345
2345 2959 2054 2767 1023 0033
0033 2345 2959 2054 2767 1023
1023 0033 2345 2959 2054 2767
2767 1023 0033 2345 2959 2054
2054 2767 1023 0033 2345 2959
2959 2054 2767 1023 0033 2345
2345 2959 2054 2767 1023 0033
0033 2345 2959 2054 2767 1023
1023 0033 2345 2959 2054 2767
2767 1023 0033 2345 2959 2054
2054 2767 1023 0033 2345 2959
2959 2054 2767 1023 0033 2345
2345 2959 2054 2767 1023 0033
0033 2345 2959 2054 2767 1023
1023 0033 2345 2959 2054 2767
2767 1023 0033 2345 2959 2054
2054 2767 1023 0033 2345 2959
2959 2054 2767 1023 0033 2345
2345 2959 2054 2767 1023 0033
0033 2345 2959 2054 2767 1023
1023 0033 2345 2959 2054 2767
2767 1023 0033 2345 2959 2054
2054 2767 1023 0033 2345 2959
2959 2054 2767 1023 0033 2345
2345 2959 2054 2767 1023 0033
0033 2345 2959 2054 2767 1023
1023 0033 2345 2959 2054 2767
2767 1023 0033 2345 2959 2054
2054 2767 1023 0033 2345 2959
2959 2054 2767 1023 0033 2345
2345 2959 2054 2767 1023 0033
0033 2345 2959 2054 2767 1023
1023 0033 2345 2959 2054 2767
2767 1023 0033 2345 2959 2054
2054 2767 1023 0033 2345 2959
2959 2054 2767 1023 0033 2345
2345 2959 2054 2767 1023 0033
0033 2345 2959 2054 2767 1023
1023 0033 2345 2959 2054 2767
2767 1023 0033 2345 2959 2054
2054 2767 1023 0033 2345 2959
2959 2054 2767 1023 0033 2345
2345 2959 2054 2767 1023 0033
0033 2345 2959 2054 2767 1023
1023 0033 2345 2959 2054 2767
2767 1023 0033 2345 2959 2054
2054 2767 1023 0033 2345 2959
2959 2054 2767 1023 0033 2345
2345 2959 2054 2767 1023 0033
0033 2345 2959 2054 2767 1023
1023 0033 2345 2959 2054 2767
2767 1023 0033 2345 2959 2054
2054 2767 1023 0033 2345 2959
2959 2054 2767 1023 0033 2345
2345 2959 2054 2767 1023 0033
0033 2345 2959 2054 2767 1023
1023 0033 2345 2959 2054 2767
2767 1023 0033 2345 2959 2054
2054 2767 1023 0033 2345 2959
2959 2054 2767 1023 0033 2345
2345 2959 2054 2767 1023 0033
0033 2345 2959 2054 2767 1023
1023 0033 2345 2959 2054 2767
2767 1023 0033 2345 2959 2054
2054 2767 1023 0033 2345 2959
2959 2054 2767 1023 0033 2345
2345 2959 2054 2767 1023 0033
0033 2345 2959 2054 2767 1023
1023 0033 2345 2959 2054 2767
2767 1023 0033 2345 2959 2054
2054 2767 1023 0033 2345 2959
2959 2054 2767 1023 0033 2345
2345 2959 2054 2767 1023 0033
0033 2345 2959 2054 2767 1023
1023 0033 2345 2959 2054 2767
2767 1023 0033 2345 2959 2054
2054 2767 1023 0033 2345 2959
2959 2054 2767 1023 0033 2345
2345 2959 2054 2767 1023 0033
0033 2345 2959 2054 2767 1023
1023 0033 2345 2959 2054 2767
2767 1023 0033 2345 2959 2054
2054 2767 1023 0033 2345 2959
2959 2054 2767 1023 0033 2345
2345 2959 2054 2767 1023 0033
0033 2345 2959 2054 2767 1023
1023 0033 2345 2959 2054 2767
2767 1023 0033 2345 2959 2054
2054 2767 1023 0033 2345 2959
2959 2054 2767 1023 0033 2345
2345 2959 2054 2767 1023 0033
0033 2345 2959 2054 2767 1023
1023 0033 2345 2959 2054 2767
2767 1023 0033 2345 2959 2054
2054 2767 1023 0033 2345 2959
2959 2054 2767 1023 0033 2345
2345 2959 2054 2767 1023 0033
0033 2345 2959 2054 2767 1023
1023 0033 2345 2959 2054 2767
1023 0033 2345 2959 2054 2767
